11 21 31
12 22 32
13 23 33
14 24 34
15 25 35
16 26 36
17 27 37
18 28 38
19 29 39
11 21 31
12 22 32
13 23 33
14 24 34
15 25 35
16 26 36
17 27 37
18 28 38
19 29 39
11 21 31
12 22 32
13 23 33
14 24 34
15 25 35
16 26 36
17 27 37
18 28 38
19 29 39
11 21 31
12 22 32
13 23 33
14 24 34
15 25 35
16 26 36
17 27 37
18 28 38
19 29 39
11 21 31
12 22 32
13 23 33
14 24 34
15 25 35
16 26 36
17 27 37
18 28 38
19 29 39
11 21 31
12 22 32
13 23 33
14 24 34
15 25 35
16 26 36
17 27 37
18 28 38
19 29 39
11 21 31
12 22 32
13 23 33
14 24 34
15 25 35
16 26 36
17 27 37
18 28 38
19 29 39
